0 0.51484375 0.5078125 0.6 0.33671875
0 0.275 0.44609375 0.1125 0.13515625
0 0.353125 0.396875 0.08359375 0.1296875
0 0.41875 0.48046875 0.12265625 0.15546875
0 0.47421875 0.59375 0.12421875 0.16875
0 0.45703125 0.41640625 0.0859375 0.10078125
0 0.53515625 0.5125 0.1015625 0.15390625
0 0.5328125 0.36953125 0.090625 0.0890625
0 0.534375 0.43125 0.065625 0.040625
0 0.6234375 0.58125 0.121875 0.16640625
0 0.61171875 0.44765625 0.0875 0.090625
0 0.6234375 0.3921875 0.0796875 0.06484375
0 0.7671875 0.41875 0.09140625 0.13046875