1 0.0078125 0.028125 0.01484375 0.04765625
1 0.009375 0.69921875 0.01875 0.10234375
1 0.01015625 0.90078125 0.0203125 0.0859375
1 0.015625 0.61015625 0.03046875 0.1015625
1 0.01875 0.81171875 0.03671875 0.1359375
1 0.02265625 0.1921875 0.0453125 0.0671875
1 0.02265625 0.76953125 0.0453125 0.06328125
1 0.02421875 0.21875 0.0484375 0.06640625
1 0.0265625 0.96484375 0.05234375 0.06796875
1 0.0734375 0.01953125 0.1390625 0.0390625
1 0.0375 0.88984375 0.0625 0.12109375
1 0.09453125 0.1203125 0.1171875 0.2
1 0.06640625 0.2578125 0.05625 0.08125
1 0.06328125 0.965625 0.04765625 0.06640625
1 0.06796875 0.2125 0.02421875 0.02734375
1 0.09609375 0.24921875 0.03828125 0.096875
1 0.10625 0.34921875 0.0390625 0.10234375
1 0.12421875 0.16171875 0.0703125 0.13515625
1 0.12421875 0.5515625 0.059375 0.10390625
1 0.12265625 0.44765625 0.0515625 0.10703125
1 0.1484375 0.28671875 0.10234375 0.12734375
1 0.13125 0.65859375 0.0625 0.1109375
1 0.1625 0.3984375 0.08984375 0.128125
1 0.1375 0.01328125 0.0265625 0.02578125
1 0.15 0.75546875 0.0515625 0.090625
1 0.1375 0.15703125 0.02421875 0.075
1 0.17890625 0.509375 0.0921875 0.12578125
1 0.1625 0.14765625 0.05703125 0.09375
1 0.1765625 0.62265625 0.0796875 0.12265625
1 0.16328125 0.853125 0.04765625 0.078125
1 0.16953125 0.72109375 0.04765625 0.10546875
1 0.178125 0.2171875 0.0484375 0.06171875
1 0.17421875 0.92734375 0.03828125 0.0875
1 0.1734375 0.06953125 0.0359375 0.1109375
1 0.18203125 0.0109375 0.05234375 0.02109375
1 0.1734375 0.821875 0.03203125 0.10703125
1 0.21484375 0.05703125 0.08671875 0.10078125
1 0.19296875 0.921875 0.0359375 0.06875
1 0.19921875 0.23515625 0.04453125 0.065625
1 0.2046875 0.09140625 0.04609375 0.05234375
1 0.21875 0.12890625 0.0640625 0.0953125
1 0.2 0.1890625 0.0171875 0.04375
1 0.2140625 0.3296875 0.04375 0.128125
1 0.2203125 0.2515625 0.05390625 0.03984375
1 0.2359375 0.4421875 0.07578125 0.11328125
1 0.2390625 0.5484375 0.0546875 0.09453125
1 0.2640625 0.025 0.07109375 0.0421875
1 0.253125 0.17578125 0.01953125 0.0515625
1 0.26796875 0.15234375 0.0453125 0.1203125
1 0.27265625 0.0078125 0.04609375 0.01484375
1 0.29609375 0.18984375 0.0328125 0.04921875
1 0.30078125 0.02265625 0.0390625 0.0453125
1 0.3125 0.06171875 0.0328125 0.05625
1 0.34375 0.0078125 0.03515625 0.01484375
1 0.35 0.04453125 0.03671875 0.06328125
1 0.42890625 0.0078125 0.0234375 0.01484375
1 0.45 0.1140625 0.03984375 0.02734375
1 0.45703125 0.0234375 0.0453125 0.046875
1 0.4859375 0.08515625 0.0515625 0.078125
1 0.496875 0.146875 0.04375 0.07265625
1 0.5046875 0.0296875 0.04765625 0.05859375
1 0.509375 0.06796875 0.0265625 0.025
1 0.525 0.39609375 0.0515625 0.084375
1 0.5328125 0.11484375 0.059375 0.08046875
1 0.54140625 0.1953125 0.0765625 0.1015625
1 0.53671875 0.31171875 0.05625 0.08046875
1 0.5421875 0.04140625 0.05859375 0.08203125
1 0.5578125 0.33828125 0.021875 0.071875
1 0.5546875 0.15078125 0.01328125 0.03046875
1 0.58203125 0.09765625 0.0578125 0.09375
1 0.59140625 0.246875 0.0765625 0.09140625
1 0.60078125 0.16875 0.06875 0.07109375
1 0.5796875 0.0171875 0.01953125 0.03359375
1 0.58203125 0.040625 0.02421875 0.025
1 0.6 0.16640625 0.05 0.084375
1 0.61796875 0.06953125 0.0828125 0.04375
1 0.6171875 0.04453125 0.07421875 0.03671875
1 0.60625 0.0125 0.03671875 0.02421875
1 0.609375 0.11640625 0.0296875 0.034375
1 0.640625 0.19765625 0.07421875 0.11328125
1 0.63828125 0.11640625 0.0578125 0.08046875
1 0.66875 0.065625 0.0484375 0.078125
1 0.66875 0.1296875 0.0359375 0.0765625
1 0.67265625 0.0140625 0.03359375 0.028125
1 0.6921875 0.03515625 0.0421875 0.0703125
1 0.70078125 0.08515625 0.0359375 0.03046875
1 0.70546875 0.1109375 0.028125 0.05234375
1 0.71171875 0.1203125 0.02578125 0.04609375
1 0.7203125 0.0515625 0.0265625 0.05390625