1 0.04453125 0.61171875 0.0890625 0.13515625
1 0.13125 0.74765625 0.2625 0.15546875
1 0.271875 0.82109375 0.54296875 0.12265625
1 0.1046875 0.665625 0.015625 0.0421875
1 0.16171875 0.6625 0.10625 0.11328125
1 0.2265625 0.7515625 0.0890625 0.07890625
1 0.228125 0.7125 0.04453125 0.04375
1 0.296875 0.725 0.0390625 0.103125
1 0.33203125 0.69765625 0.07578125 0.109375
1 0.36484375 0.75546875 0.128125 0.10390625
1 0.428125 0.70859375 0.071875 0.11328125
1 0.4546875 0.75 0.0234375 0.02734375
1 0.48125 0.72109375 0.059375 0.08828125
1 0.4984375 0.5015625 0.0578125 0.08828125
1 0.53671875 0.765625 0.08203125 0.0765625
1 0.58515625 0.69921875 0.08203125 0.12109375
1 0.6375 0.73203125 0.12421875 0.121875
1 0.6265625 0.5828125 0.0625 0.1078125
1 0.6609375 0.0703125 0.1140625 0.140625
1 0.646875 0.2421875 0.021875 0.03125
1 0.67109375 0.68359375 0.0203125 0.0203125
1 0.70625 0.76640625 0.06953125 0.0921875
1 0.70625 0.72578125 0.02578125 0.02265625
1 0.7265625 0.7 0.0203125 0.04375
1 0.86015625 0.54296875 0.27890625 0.9125