0 0.1765625 0.5546875 0.03984375 0.0515625
0 0.3421875 0.51953125 0.0359375 0.0453125
0 0.5203125 0.45078125 0.0359375 0.04296875
0 0.5390625 0.6640625 0.04375 0.05703125
0 0.62265625 0.62734375 0.04140625 0.05859375
0 0.63984375 0.40703125 0.0296875 0.040625
0 0.7734375 0.64296875 0.03984375 0.0515625
0 0.8328125 0.584375 0.0390625 0.0515625
0 0.85859375 0.82734375 0.0453125 0.07265625
0 0.89765625 0.61640625 0.046875 0.0640625
0 0.92734375 0.953125 0.0578125 0.0921875
0 0.95 0.515625 0.03515625 0.0546875