1 0.08828125 0.38359375 0.1765625 0.4171875
1 0.1328125 0.0375 0.07421875 0.07421875
1 0.203125 0.28671875 0.16796875 0.34765625
1 0.24296875 0.11796875 0.1171875 0.2359375
1 0.34765625 0.515625 0.13671875 0.3109375
1 0.31015625 0.01484375 0.0328125 0.0296875
1 0.35703125 0.76328125 0.0921875 0.16484375
1 0.36796875 0.21171875 0.10859375 0.2125
1 0.39765625 0.19296875 0.0984375 0.221875
1 0.409375 0.453125 0.10625 0.2703125
1 0.41171875 0.04453125 0.06796875 0.08828125
1 0.4296875 0.77421875 0.065625 0.1328125
1 0.4578125 0.38203125 0.078125 0.19296875
1 0.4546875 0.18359375 0.0671875 0.15234375
1 0.49765625 0.7640625 0.0734375 0.115625
1 0.52578125 0.61796875 0.1109375 0.24609375
1 0.5390625 0.25078125 0.0640625 0.1390625
1 0.54765625 0.421875 0.07265625 0.15625
1 0.60703125 0.634375 0.09765625 0.228125
1 0.628125 0.471875 0.05 0.06796875
1 0.6390625 0.528125 0.059375 0.08828125
1 0.67890625 0.77578125 0.05625 0.1046875
1 0.68125 0.48203125 0.05859375 0.09609375
1 0.68359375 0.58203125 0.05390625 0.10859375
1 0.690625 0.7078125 0.059375 0.14296875
1 0.7296875 0.6546875 0.0578125 0.10625
1 0.72578125 0.57109375 0.0234375 0.05390625