1 0.26796875 0.8015625 0.14765625 0.2984375
1 0.2859375 0.5859375 0.08828125 0.146875
1 0.40625 0.67578125 0.171875 0.23828125
1 0.359375 0.58515625 0.06171875 0.08828125
1 0.43046875 0.53984375 0.0453125 0.071875
1 0.55 0.6171875 0.07578125 0.13671875
1 0.54921875 0.5140625 0.05234375 0.1078125
1 0.62265625 0.55859375 0.096875 0.1484375
1 0.6203125 0.8359375 0.03984375 0.05859375
1 0.6515625 0.81328125 0.02109375 0.040625
1 0.66328125 0.62734375 0.03515625 0.0828125
1 0.6921875 0.78046875 0.07734375 0.13359375
1 0.68828125 0.84296875 0.06328125 0.06875
1 0.76875 0.8078125 0.04921875 0.08984375
1 0.80078125 0.78203125 0.04296875 0.0375
1 0.8109375 0.81875 0.04765625 0.06015625
1 0.909375 0.73828125 0.0328125 0.10078125