1 0.0703125 0.54140625 0.0671875 0.1046875
1 0.1078125 0.39453125 0.04609375 0.05
1 0.13671875 0.33359375 0.0640625 0.07890625
1 0.2171875 0.159375 0.03359375 0.05078125
1 0.24296875 0.01171875 0.040625 0.0234375
1 0.290625 0.25 0.03203125 0.04609375
1 0.396875 0.22890625 0.0140625 0.0296875
1 0.4625 0.41171875 0.13671875 0.2234375
1 0.4109375 0.22109375 0.02421875 0.0421875
1 0.45 0.02265625 0.03203125 0.0453125
1 0.44609375 0.21328125 0.0171875 0.0234375
1 0.48984375 0.215625 0.028125 0.04609375
1 0.63828125 0.3015625 0.0234375 0.040625
1 0.74296875 0.41953125 0.046875 0.065625
1 0.73828125 0.31328125 0.0359375 0.05234375
1 0.7703125 0.23046875 0.02578125 0.046875