1 0.09765625 0.2703125 0.0265625 0.03046875
1 0.096875 0.328125 0.02265625 0.03046875
1 0.10703125 0.29765625 0.0203125 0.0328125
1 0.13125 0.4140625 0.01796875 0.025
1 0.15078125 0.24765625 0.01015625 0.02734375
1 0.1546875 0.3359375 0.015625 0.03046875
1 0.15625 0.20703125 0.015625 0.025
1 0.17109375 0.32578125 0.04609375 0.05078125
1 0.1609375 0.2546875 0.01796875 0.02890625
1 0.1703125 0.2765625 0.01796875 0.02734375
1 0.184375 0.2828125 0.01953125 0.034375
1 0.19609375 0.29375 0.01953125 0.03828125
1 0.21171875 0.29765625 0.00859375 0.02734375
1 0.21640625 0.3015625 0.01640625 0.0296875
1 0.215625 0.27265625 0.01171875 0.0234375
1 0.2234375 0.2765625 0.015625 0.02734375
1 0.31640625 0.596875 0.1171875 0.10234375
1 0.2671875 0.3125 0.0140625 0.03046875
1 0.26875 0.284375 0.015625 0.02109375
1 0.328125 0.73203125 0.1328125 0.10703125
1 0.2765625 0.296875 0.015625 0.03046875
1 0.28046875 0.3171875 0.015625 0.025
1 0.34921875 0.80859375 0.13046875 0.12421875
1 0.6546875 0.5484375 0.07265625 0.08125
1 0.66484375 0.47890625 0.04609375 0.0625
1 0.74921875 0.4125 0.03203125 0.05234375
1 0.7625 0.42734375 0.0296875 0.0578125
1 0.77109375 0.45546875 0.0296875 0.04453125
1 0.778125 0.3859375 0.0203125 0.025
1 0.7890625 0.41484375 0.0296875 0.0484375
1 0.83359375 0.4625 0.03203125 0.05625
1 0.84765625 0.47578125 0.03203125 0.05078125
1 0.8515625 0.50078125 0.0265625 0.03984375
1 0.86796875 0.4640625 0.028125 0.05
1 0.8734375 0.190625 0.015625 0.025
1 0.88203125 0.21328125 0.015625 0.0234375
1 0.89140625 0.196875 0.0140625 0.0171875