1 0.0375 0.05703125 0.0703125 0.11328125
1 0.0890625 0.1 0.078125 0.09140625
1 0.13046875 0.06875 0.1078125 0.1375
1 0.115625 0.0078125 0.06484375 0.015625
1 0.1921875 0.1328125 0.0890625 0.14765625
1 0.228125 0.04140625 0.096875 0.0828125
1 0.2265625 0.165625 0.07421875 0.1640625
1 0.28359375 0.10546875 0.078125 0.1625
1 0.2859375 0.0125 0.03515625 0.02421875
1 0.31015625 0.1875 0.07578125 0.1390625
1 0.3109375 0.25234375 0.07421875 0.078125
1 0.33359375 0.0578125 0.07578125 0.115625
1 0.3734375 0.14296875 0.08046875 0.1453125
1 0.38125 0.22421875 0.065625 0.1125
1 0.38203125 0.28828125 0.065625 0.06328125
1 0.39453125 0.08046875 0.07109375 0.14296875
1 0.37421875 0.98203125 0.01796875 0.03359375
1 0.3765625 0.03515625 0.015625 0.0703125
1 0.3875 0.9515625 0.0171875 0.028125
1 0.38828125 0.934375 0.0125 0.02421875
1 0.403125 0.3 0.040625 0.06015625
1 0.3921875 0.9796875 0.01484375 0.0375
1 0.40078125 0.890625 0.01328125 0.03203125
1 0.4046875 0.90390625 0.0203125 0.03203125
1 0.40625 0.93203125 0.01796875 0.04296875
1 0.42734375 0.178125 0.05625 0.12109375
1 0.41328125 0.88359375 0.02578125 0.04140625
1 0.41328125 0.9671875 0.0203125 0.04140625
1 0.41015625 0.8390625 0.01171875 0.034375
1 0.4171875 0.98671875 0.02109375 0.02421875
1 0.421875 0.346875 0.03046875 0.0578125
1 0.425 0.92421875 0.0265625 0.04296875
1 0.44296875 0.25703125 0.0609375 0.09140625
1 0.421875 0.81484375 0.0140625 0.03671875
1 0.4390625 0.33671875 0.04140625 0.0734375
1 0.43046875 0.85625 0.0203125 0.0453125
1 0.4265625 0.759375 0.0109375 0.034375
1 0.428125 0.78359375 0.01171875 0.00859375
1 0.4328125 0.94921875 0.0203125 0.04140625
1 0.43515625 0.803125 0.0234375 0.04765625
1 0.4515625 0.1203125 0.04765625 0.09140625
1 0.4375 0.89296875 0.01796875 0.03671875
1 0.4515625 0.31171875 0.0421875 0.0546875
1 0.440625 0.7109375 0.01484375 0.04140625
1 0.44140625 0.72890625 0.0140625 0.021875
1 0.44375 0.76171875 0.01875 0.0390625
1 0.446875 0.8390625 0.021875 0.04765625
1 0.4546875 0.4203125 0.03828125 0.0390625
1 0.446875 0.90703125 0.0171875 0.034375
1 0.45390625 0.3984375 0.03203125 0.04296875
1 0.4484375 0.70625 0.01484375 0.04140625
1 0.45546875 0.8640625 0.021875 0.04765625
1 0.4515625 0.63515625 0.01171875 0.05234375
1 0.471875 0.20234375 0.04765625 0.10859375
1 0.4625 0.7515625 0.02578125 0.05234375
1 0.46796875 0.4625 0.0375 0.06328125
1 0.4703125 0.3796875 0.0421875 0.07109375
1 0.46015625 0.6890625 0.01953125 0.0390625
1 0.46328125 0.57421875 0.02578125 0.0453125
1 0.45859375 0.52421875 0.01328125 0.05234375
1 0.459375 0.63828125 0.0140625 0.04140625
1 0.459375 0.60234375 0.015625 0.01796875
1 0.4671875 0.5140625 0.01875 0.0453125
1 0.4703125 0.8265625 0.02109375 0.03125
1 0.48515625 0.33359375 0.04765625 0.0734375
1 0.47421875 0.725 0.0203125 0.05
1 0.478125 0.78203125 0.0265625 0.053125
1 0.48046875 0.625 0.03046875 0.05859375
1 0.4765625 0.14296875 0.0203125 0.0453125
1 0.478125 0.67734375 0.02421875 0.04140625
1 0.484375 0.45390625 0.034375 0.05
1 0.48359375 0.2546875 0.0296875 0.08671875
1 0.484375 0.51484375 0.02578125 0.0453125
1 0.49453125 0.41953125 0.04140625 0.0546875
1 0.490625 0.55625 0.028125 0.05234375
1 0.48984375 0.73828125 0.02421875 0.0453125
1 0.4921875 0.6953125 0.0296875 0.0453125
1 0.49453125 0.653125 0.02890625 0.04296875
1 0.4953125 0.60859375 0.0296875 0.05234375
1 0.503125 0.49921875 0.0328125 0.04296875
1 0.5078125 0.371875 0.03671875 0.06875
1 0.50546875 0.23515625 0.021875 0.07421875
1 0.509375 0.31015625 0.028125 0.07578125
1 0.5125 0.54296875 0.02578125 0.03984375
1 0.5125 0.57734375 0.02578125 0.03203125
1 0.515625 0.45625 0.0296875 0.0546875
1 0.51640625 0.6125 0.01484375 0.0390625
1 0.515625 0.653125 0.0109375 0.03359375
1 0.5265625 0.40625 0.028125 0.05703125
1 0.525 0.2796875 0.0234375 0.06328125
1 0.52734375 0.496875 0.01953125 0.05234375
1 0.53203125 0.34921875 0.01953125 0.0734375
1 0.528125 0.56953125 0.00859375 0.0296875
1 0.5359375 0.5328125 0.01953125 0.04765625
1 0.5375 0.4453125 0.0140625 0.0421875
1 0.540625 0.384375 0.01015625 0.0265625
1 0.54140625 0.478125 0.00859375 0.028125