1 0.021875 0.4421875 0.0359375 0.04140625
1 0.0453125 0.3296875 0.0609375 0.0796875
1 0.0390625 0.4078125 0.03515625 0.05859375
1 0.05703125 0.44609375 0.04140625 0.075
1 0.096875 0.35859375 0.04140625 0.0796875
1 0.096875 0.4296875 0.0390625 0.046875
1 0.1265625 0.425 0.03984375 0.0703125
1 0.1640625 0.396875 0.0453125 0.08359375
1 0.1640625 0.44140625 0.0453125 0.053125
1 0.16640625 0.36171875 0.0328125 0.01640625
1 0.2171875 0.43828125 0.04765625 0.08984375
1 0.2296875 0.3171875 0.06484375 0.08515625
1 0.2546875 0.425 0.08125 0.11015625
1 0.29140625 0.35234375 0.07265625 0.11484375
1 0.30859375 0.3125 0.0796875 0.10859375
1 0.3046875 0.4515625 0.03515625 0.08359375
1 0.33671875 0.4796875 0.02890625 0.0265625
1 0.3734375 0.42109375 0.09375 0.13203125
1 0.3515625 0.3609375 0.0421875 0.03515625
1 0.39140625 0.3328125 0.06015625 0.06171875
1 0.43828125 0.37421875 0.07109375 0.08828125
1 0.446875 0.21640625 0.08125 0.11328125
1 0.43515625 0.30546875 0.0453125 0.06796875
1 0.4515625 0.4296875 0.06875 0.096875
1 0.4796875 0.4671875 0.07109375 0.0953125
1 0.47734375 0.2875 0.05234375 0.0984375
1 0.46484375 0.34140625 0.02265625 0.0234375
1 0.490625 0.3796875 0.0390625 0.05703125
1 0.51796875 0.43828125 0.06640625 0.10703125
1 0.5296875 0.30078125 0.0890625 0.125
1 0.54921875 0.409375 0.09140625 0.10859375
1 0.5765625 0.328125 0.05859375 0.0734375
1 0.58125 0.27890625 0.0328125 0.0515625
1 0.63046875 0.35546875 0.09140625 0.128125
1 0.6828125 0.346875 0.0296875 0.0734375
1 0.7328125 0.3640625 0.08984375 0.125
1 0.796875 0.43984375 0.0640625 0.053125
1 0.8015625 0.38671875 0.07265625 0.1234375
1 0.8640625 0.3765625 0.0859375 0.1234375
1 0.86484375 0.2796875 0.08515625 0.096875
1 0.9421875 0.40703125 0.10234375 0.1296875