1 0.07578125 0.83359375 0.1515625 0.24140625
1 0.11640625 0.909375 0.0640625 0.0890625
1 0.20390625 0.83359375 0.1515625 0.26171875
1 0.15546875 0.9203125 0.0515625 0.1140625
1 0.23828125 0.95546875 0.1296875 0.08515625
1 0.3203125 0.8203125 0.15 0.27265625
1 0.30625 0.94296875 0.05625 0.0765625
1 0.5390625 0.325 0.45 0.65
1 0.4421875 0.79921875 0.221875 0.346875
1 0.41015625 0.96171875 0.0890625 0.06015625
1 0.49453125 0.9625 0.0546875 0.0703125
1 0.61328125 0.9109375 0.1859375 0.175
1 0.72734375 0.75859375 0.2765625 0.378125
1 0.82890625 0.93984375 0.1234375 0.11640625
1 0.875 0.85 0.1125 0.1
1 0.9359375 0.9328125 0.125 0.13125