1 0.0046875 0.8046875 0.00859375 0.01796875
1 0.01015625 0.7796875 0.0203125 0.04375
1 0.01484375 0.71328125 0.0296875 0.06171875
1 0.05078125 0.81796875 0.059375 0.08828125
1 0.0984375 0.06953125 0.06171875 0.09296875
1 0.0953125 0.84296875 0.03671875 0.0515625
1 0.146875 0.79296875 0.04609375 0.07890625
1 0.18984375 0.41484375 0.11875 0.19453125
1 0.15078125 0.8546875 0.01796875 0.0296875
1 0.1921875 0.68359375 0.02578125 0.0328125
1 0.215625 0.82265625 0.02421875 0.03828125
1 0.2140625 0.8546875 0.0125 0.02265625
1 0.225 0.8546875 0.0203125 0.03671875
1 0.303125 0.0125 0.0390625 0.025
1 0.32109375 0.81640625 0.03203125 0.0453125
1 0.3234375 0.7765625 0.034375 0.059375
1 0.34765625 0.8453125 0.01953125 0.02578125
1 0.3703125 0.8453125 0.03125 0.04375
1 0.4421875 0.26875 0.1609375 0.26015625
1 0.3953125 0.7375 0.05234375 0.08203125
1 0.38515625 0.85625 0.0203125 0.02265625
1 0.3890625 0.859375 0.0203125 0.0234375
1 0.39296875 0.82109375 0.02265625 0.040625
1 0.409375 0.8421875 0.028125 0.05078125
1 0.4265625 0.81953125 0.04375 0.06171875
1 0.43984375 0.84296875 0.021875 0.03515625
1 0.45546875 0.7015625 0.02421875 0.03828125
1 0.4625 0.7453125 0.034375 0.053125
1 0.47578125 0.571875 0.03984375 0.0625
1 0.50078125 0.6921875 0.0203125 0.03046875
1 0.57578125 0.16953125 0.16484375 0.26796875
1 0.56328125 0.859375 0.0234375 0.03125
1 0.58359375 0.746875 0.0484375 0.07578125
1 0.578125 0.71015625 0.0203125 0.0203125
1 0.63046875 0.84765625 0.0328125 0.04765625
1 0.634375 0.81640625 0.0421875 0.0546875
1 0.65546875 0.78828125 0.021875 0.03671875
1 0.7125 0.20234375 0.1359375 0.22890625
1 0.7015625 0.78359375 0.04765625 0.0796875
1 0.79609375 0.25390625 0.08046875 0.125
1 0.8 0.378125 0.07578125 0.11171875
1 0.9828125 0.5109375 0.0328125 0.103125