1 0.15390625 0.35703125 0.015625 0.0171875
1 0.178125 0.2828125 0.0140625 0.02421875
1 0.17734375 0.00859375 0.01171875 0.01640625
1 0.2109375 0.13125 0.01484375 0.02421875
1 0.26640625 0.34765625 0.01484375 0.02890625
1 0.2765625 0.06328125 0.015625 0.02734375
1 0.3046875 0.21328125 0.01796875 0.02421875
1 0.3125 0.03984375 0.015625 0.02265625
1 0.3265625 0.35625 0.01015625 0.015625
1 0.3328125 0.2859375 0.0171875 0.02421875
1 0.3484375 0.12578125 0.01953125 0.02109375
1 0.35390625 0.73828125 0.015625 0.02421875
1 0.378125 0.72109375 0.015625 0.02578125
1 0.39375 0.18125 0.01796875 0.02578125
1 0.39609375 0.440625 0.0140625 0.01953125
1 0.4375 0.240625 0.01796875 0.0234375
1 0.4390625 0.41484375 0.015625 0.02265625
1 0.440625 0.2890625 0.01796875 0.03046875
1 0.44765625 0.959375 0.021875 0.034375
1 0.4609375 0.48125 0.0140625 0.02578125
1 0.5015625 0.29921875 0.0140625 0.02265625
1 0.5046875 0.1265625 0.0171875 0.02109375
1 0.50703125 0.4796875 0.0140625 0.02890625
1 0.53125 0.12734375 0.01796875 0.02265625
1 0.5453125 0.2609375 0.01328125 0.02265625
1 0.55 0.95234375 0.0140625 0.02265625
1 0.5625 0.378125 0.0140625 0.0171875
1 0.565625 0.028125 0.01171875 0.0171875
1 0.5859375 0.1265625 0.0140625 0.02109375
1 0.590625 0.12890625 0.0171875 0.02578125
1 0.59765625 0.0359375 0.0140625 0.021875
1 0.6 0.25859375 0.0109375 0.0171875
1 0.60546875 0.1421875 0.01171875 0.01171875
1 0.61328125 0.01328125 0.0109375 0.02109375
1 0.61875 0.234375 0.01953125 0.02734375
1 0.62265625 0.2765625 0.01328125 0.02109375
1 0.63125 0.0546875 0.00859375 0.015625
1 0.63125 0.30703125 0.00859375 0.02109375
1 0.65859375 0.08984375 0.0140625 0.01640625
1 0.665625 0.646875 0.02421875 0.0390625
1 0.6609375 0.1515625 0.009375 0.015625
1 0.67734375 0.23828125 0.00859375 0.02109375
1 0.725 0.51328125 0.01953125 0.03046875
1 0.76953125 0.57578125 0.0203125 0.0296875
1 0.8125 0.678125 0.01953125 0.02734375
1 0.82734375 0.51015625 0.021875 0.0359375
1 0.85703125 0.6359375 0.02421875 0.0328125
1 0.89453125 0.49296875 0.0265625 0.0359375