1 0.00546875 0.49453125 0.0109375 0.0828125
1 0.03359375 0.48125 0.06640625 0.10078125
1 0.0859375 0.50078125 0.0796875 0.1203125
1 0.15859375 0.45703125 0.10625 0.203125
1 0.15 0.28203125 0.0640625 0.115625
1 0.16015625 0.5296875 0.0546875 0.05390625
1 0.1890625 0.53984375 0.01640625 0.02421875
1 0.21796875 0.53203125 0.06875 0.05859375
1 0.23203125 0.4765625 0.0796875 0.1578125
1 0.26328125 0.5046875 0.04375 0.09609375
1 0.31875 0.515625 0.09140625 0.11796875
1 0.3390625 0.421875 0.10859375 0.2390625
1 0.32109375 0.03359375 0.0703125 0.0671875
1 0.384375 0.48671875 0.04921875 0.12890625
1 0.43046875 0.478125 0.0703125 0.12734375
1 0.49921875 0.43515625 0.12109375 0.2203125
1 0.4625 0.525 0.034375 0.04765625
1 0.52890625 0.53828125 0.0453125 0.04921875
1 0.55234375 0.5046875 0.0390625 0.08125
1 0.57890625 0.4734375 0.0453125 0.11015625
1 0.63515625 0.521875 0.1453125 0.0859375
1 0.6296875 0.45546875 0.0796875 0.09453125
1 0.725 0.5 0.0984375 0.10703125
1 0.82421875 0.29453125 0.13828125 0.21875
1 0.8140625 0.49296875 0.0609375 0.1140625
1 0.909375 0.4390625 0.11875 0.19140625
1 0.95625 0.503125 0.08671875 0.08671875