1 0.8125 0.3296875 0.0296875 0.025
1 0.815625 0.703125 0.015625 0.03125
1 0.8359375 0.28046875 0.0546875 0.096875
1 0.815625 0.63671875 0.009375 0.01015625
1 0.8234375 0.66796875 0.02421875 0.0515625
1 0.8265625 0.7265625 0.028125 0.0265625
1 0.8359375 0.49140625 0.03984375 0.05625
1 0.828125 0.459375 0.01796875 0.03828125
1 0.8390625 0.70625 0.03671875 0.04765625
1 0.83203125 0.38359375 0.0171875 0.04921875
1 0.8390625 0.6375 0.03203125 0.0421875
1 0.8390625 0.33984375 0.0296875 0.04609375
1 0.84375 0.41328125 0.03828125 0.05
1 0.83203125 0.521875 0.01015625 0.01796875
1 0.85390625 0.45703125 0.04140625 0.05234375
1 0.85390625 0.66796875 0.0390625 0.04765625
1 0.8546875 0.5984375 0.0375 0.0515625
1 0.85546875 0.5203125 0.03984375 0.040625
1 0.8578125 0.73046875 0.0390625 0.0265625
1 0.846875 0.5578125 0.015625 0.0421875
1 0.85859375 0.37734375 0.0359375 0.04453125
1 0.86640625 0.3359375 0.03046875 0.03125
1 0.86484375 0.484375 0.01953125 0.03125
1 0.86875 0.4125 0.0265625 0.04453125
1 0.86953125 0.70078125 0.0296875 0.0328125
1 0.86875 0.55703125 0.02421875 0.03671875
1 0.86796875 0.63046875 0.0203125 0.02734375
1 0.95625 0.93359375 0.0859375 0.13046875
1 0.959375 0.28984375 0.0796875 0.17734375
1 0.96015625 0.8296875 0.07890625 0.17421875
1 0.9609375 0.56171875 0.07734375 0.1703125
1 0.9609375 0.68359375 0.07734375 0.12890625
1 0.959375 0.43125 0.0734375 0.11953125
1 0.9609375 0.0546875 0.075 0.109375
1 0.96484375 0.1703125 0.06875 0.12578125
1 0.98828125 0.96328125 0.02265625 0.07109375
1 0.990625 0.42421875 0.0171875 0.1171875
1 0.9921875 0.69765625 0.0140625 0.08671875
1 0.99296875 0.13671875 0.01328125 0.1078125