1 0.05625 0.059375 0.1125 0.11796875
1 0.0953125 0.2953125 0.18984375 0.1078125
1 0.11875 0.18359375 0.23671875 0.1984375
1 0.2421875 0.0609375 0.2984375 0.121875
1 0.190625 0.3765625 0.14375 0.0953125
1 0.21328125 0.471875 0.175 0.109375
1 0.303125 0.165625 0.24140625 0.165625
1 0.27890625 0.4 0.12109375 0.109375
1 0.31015625 0.2953125 0.171875 0.1109375
1 0.3171875 0.33984375 0.0796875 0.02578125
1 0.37265625 0.2890625 0.09296875 0.10546875
1 0.48203125 0.384375 0.10078125 0.09453125
1 0.9625 0.625 0.0734375 0.0765625
1 0.978125 0.45546875 0.0421875 0.09375
1 0.9796875 0.35625 0.03984375 0.0953125
1 0.98203125 0.54375 0.03515625 0.0890625