0 0.07890625 0.56640625 0.11796875 0.1203125
0 0.08125 0.4125 0.121875 0.121875
0 0.08359375 0.08984375 0.1265625 0.1265625
0 0.0796875 0.23203125 0.115625 0.10859375
0 0.08671875 0.9078125 0.115625 0.1265625
0 0.246875 0.08125 0.146875 0.13984375
0 0.23984375 0.565625 0.115625 0.11328125
0 0.25234375 0.91640625 0.1359375 0.13125
0 0.2421875 0.4 0.1109375 0.1109375
0 0.246875 0.23359375 0.115625 0.1109375
0 0.4125 0.5796875 0.1265625 0.12890625
0 0.4125 0.40078125 0.11796875 0.10859375
0 0.415625 0.08671875 0.1203125 0.12421875
0 0.415625 0.23359375 0.1203125 0.1109375
0 0.4203125 0.91015625 0.115625 0.121875
0 0.578125 0.07421875 0.12890625 0.11796875
0 0.57578125 0.57890625 0.1203125 0.13125
0 0.584375 0.396875 0.1203125 0.11796875
0 0.58203125 0.9125 0.09765625 0.0953125
0 0.75234375 0.57890625 0.1359375 0.13125
0 0.746875 0.2296875 0.1109375 0.11328125
0 0.746875 0.4078125 0.1109375 0.1265625
0 0.7546875 0.071875 0.121875 0.11796875
0 0.7546875 0.90859375 0.0953125 0.0890625
0 0.915625 0.23203125 0.1203125 0.121875
0 0.91640625 0.065625 0.10859375 0.11796875
0 0.91640625 0.4078125 0.10859375 0.10859375
0 0.915625 0.90859375 0.09765625 0.09296875
0 0.915625 0.73671875 0.0890625 0.08671875