1 0.01796875 0.51484375 0.0359375 0.359375
1 0.0203125 0.8703125 0.040625 0.221875
1 0.06953125 0.37578125 0.07578125 0.12734375
1 0.3546875 0.19296875 0.06015625 0.11171875
1 0.3921875 0.2328125 0.059375 0.075
1 0.403125 0.2671875 0.065625 0.059375
1 0.4015625 0.153125 0.059375 0.1078125
1 0.43046875 0.19296875 0.0515625 0.1078125
1 0.44375 0.31484375 0.05625 0.10625
1 0.44453125 0.22578125 0.0515625 0.078125
1 0.446875 0.34140625 0.05390625 0.075
1 0.4453125 0.14765625 0.0375 0.06015625
1 0.515625 0.2890625 0.034375 0.0640625
1 0.540625 0.228125 0.0359375 0.07265625
1 0.54375 0.3171875 0.034375 0.0671875
1 0.54140625 0.2734375 0.02421875 0.0328125
1 0.5484375 0.18125 0.03125 0.0453125
1 0.55390625 0.1359375 0.0375 0.0703125
1 0.565625 0.07421875 0.040625 0.075
1 0.56953125 0.27578125 0.0421875 0.065625
1 0.5703125 0.22109375 0.03203125 0.03828125
1 0.571875 0.321875 0.03203125 0.0578125
1 0.578125 0.146875 0.04140625 0.06015625
1 0.6671875 0.02109375 0.071875 0.0421875
1 0.70703125 0.31015625 0.01796875 0.0328125
1 0.7078125 0.34140625 0.0109375 0.02890625
1 0.7109375 0.27578125 0.01015625 0.03671875
1 0.71875 0.36328125 0.021875 0.01875
1 0.72109375 0.24296875 0.021875 0.04765625
1 0.7265625 0.39140625 0.03046875 0.053125
1 0.7484375 0.30859375 0.06953125 0.090625
1 0.728125 0.3546875 0.021875 0.0328125
1 0.73359375 0.2421875 0.021875 0.05
1 0.76328125 0.05859375 0.08125 0.1171875
1 0.7390625 0.20859375 0.021875 0.0171875
1 0.74765625 0.1859375 0.0296875 0.06171875
1 0.74453125 0.3828125 0.0203125 0.03828125
1 0.76328125 0.4953125 0.0484375 0.0953125
1 0.77265625 0.27265625 0.046875 0.10390625
1 0.76640625 0.21015625 0.03125 0.02890625
1 0.78515625 0.4296875 0.06875 0.08515625
1 0.78515625 0.36328125 0.0578125 0.10078125
1 0.76796875 0.17578125 0.01640625 0.02109375
1 0.79765625 0.13828125 0.05546875 0.0578125
1 0.79921875 0.19140625 0.04609375 0.08515625
1 0.82109375 0.2828125 0.059375 0.10078125
1 0.815625 0.32734375 0.03515625 0.02890625
1 0.83515625 0.23984375 0.05546875 0.0703125
1 0.86328125 0.30234375 0.04453125 0.07890625