1 0.02265625 0.15078125 0.02578125 0.03125
1 0.03046875 0.12890625 0.0234375 0.0328125
1 0.05 0.14765625 0.0359375 0.03671875
1 0.07109375 0.165625 0.03203125 0.03671875
1 0.07890625 0.08984375 0.0171875 0.02890625
1 0.090625 0.2046875 0.0328125 0.04375
1 0.1109375 0.2984375 0.05390625 0.0515625
1 0.12421875 0.06796875 0.0265625 0.025
1 0.128125 0.0953125 0.028125 0.03671875
1 0.13828125 0.12734375 0.028125 0.034375
1 0.1625 0.2921875 0.05 0.053125
1 0.18125 0.50625 0.0859375 0.09765625
1 0.1734375 0.30390625 0.05 0.0578125
1 0.1609375 0.15 0.0140625 0.034375
1 0.17734375 0.1265625 0.028125 0.03671875
1 0.17890625 0.1609375 0.03203125 0.03671875
1 0.2140625 0.1296875 0.0203125 0.034375
1 0.240625 0.33828125 0.05 0.06171875
1 0.23046875 0.125 0.0234375 0.0328125
1 0.26484375 0.246875 0.05 0.0515625
1 0.26796875 0.078125 0.02578125 0.034375
1 0.35859375 0.59296875 0.0984375 0.11171875
1 0.36171875 0.321875 0.06171875 0.0609375
1 0.365625 0.28125 0.05625 0.0515625
1 0.36953125 0.13671875 0.03515625 0.03671875
1 0.3609375 0.06171875 0.015625 0.025
1 0.378125 0.04765625 0.021875 0.03125
1 0.37890625 0.1015625 0.0234375 0.0265625
1 0.3734375 0.07109375 0.01015625 0.02421875
1 0.38515625 0.1421875 0.02578125 0.0328125
1 0.39296875 0.0859375 0.0171875 0.02734375
1 0.403125 0.13125 0.0265625 0.0328125
1 0.4625 0.63203125 0.0984375 0.115625
1 0.43515625 0.13671875 0.0234375 0.0328125
1 0.46328125 0.16640625 0.0359375 0.034375
1 0.4609375 0.12890625 0.0234375 0.0328125
1 0.48203125 0.25859375 0.0359375 0.053125
1 0.475 0.06953125 0.01484375 0.0203125
1 0.48828125 0.08984375 0.0171875 0.01875
1 0.5015625 0.10390625 0.01953125 0.02421875
1 0.5359375 0.2046875 0.028125 0.0421875
1 0.55703125 0.275 0.05234375 0.06015625
1 0.55703125 0.2375 0.03984375 0.0421875
1 0.5515625 0.13203125 0.021875 0.0421875
1 0.55703125 0.19453125 0.0296875 0.03671875
1 0.56640625 0.25625 0.03828125 0.04609375
1 0.5890625 0.21328125 0.0390625 0.04765625
1 0.60859375 0.11171875 0.03046875 0.03125
1 0.625 0.2890625 0.02421875 0.05703125
1 0.65234375 0.3828125 0.0640625 0.0765625
1 0.6609375 0.2875 0.06328125 0.06875
1 0.6828125 0.31875 0.06015625 0.0640625
1 0.684375 0.228125 0.04140625 0.046875
1 0.69921875 0.3796875 0.0546875 0.0671875
1 0.7 0.15 0.0265625 0.040625
1 0.728125 0.28359375 0.07109375 0.0765625
1 0.7546875 0.5375 0.10859375 0.13671875
1 0.7203125 0.13203125 0.02421875 0.03828125
1 0.75078125 0.2 0.03046875 0.04375
1 0.7671875 0.15390625 0.040625 0.046875
1 0.7765625 0.1984375 0.02578125 0.040625
1 0.796875 0.1625 0.01953125 0.040625
1 0.840625 0.340625 0.0640625 0.065625
1 0.821875 0.11171875 0.02421875 0.0328125
1 0.85703125 0.56015625 0.09140625 0.10625
1 0.8734375 0.74453125 0.12421875 0.1265625
1 0.83828125 0.1703125 0.03671875 0.05546875
1 0.8375 0.09140625 0.02421875 0.03828125
1 0.89140625 0.525 0.0828125 0.096875
1 0.86875 0.15546875 0.0328125 0.0484375
1 0.890625 0.140625 0.02421875 0.03671875
1 0.909375 0.184375 0.0546875 0.0515625
1 0.91484375 0.2953125 0.05625 0.05546875
1 0.9296875 0.33671875 0.0578125 0.065625
1 0.91875 0.15390625 0.028125 0.03203125
1 0.92265625 0.12421875 0.0265625 0.034375
1 0.928125 0.0875 0.02421875 0.03125
1 0.9609375 0.81953125 0.0765625 0.14453125
1 0.93828125 0.10625 0.0296875 0.02890625
1 0.953125 0.26796875 0.05234375 0.06015625
1 0.94921875 0.153125 0.03203125 0.03359375
1 0.9578125 0.0921875 0.02734375 0.03671875
1 0.971875 0.25546875 0.0453125 0.04609375
1 0.9890625 0.24921875 0.0203125 0.05546875
1 0.98984375 0.1140625 0.01953125 0.0328125
1 0.99375 0.096875 0.0109375 0.02421875