1 0.05546875 0.5875 0.071875 0.09453125
1 0.05390625 0.671875 0.028125 0.0328125
1 0.15 0.57890625 0.0484375 0.07109375
1 0.20859375 0.49140625 0.03046875 0.04375
1 0.21875 0.5765625 0.04375 0.0640625
1 0.2578125 0.2625 0.06796875 0.21171875
1 0.265625 0.39296875 0.02578125 0.0515625
1 0.27109375 0.34375 0.03046875 0.0421875
1 0.3734375 0.4953125 0.04140625 0.0765625
1 0.40078125 0.48125 0.0515625 0.07890625
1 0.43046875 0.50234375 0.0453125 0.06640625
1 0.76875 0.02578125 0.04453125 0.0515625
1 0.77890625 0.0859375 0.0375 0.06953125
1 0.79453125 0.1015625 0.0671875 0.09296875
1 0.80546875 0.16328125 0.0625 0.08046875
1 0.815625 0.0359375 0.06796875 0.07109375
1 0.8515625 0.0859375 0.0578125 0.084375
1 0.8328125 0.125 0.01640625 0.0234375
1 0.8640625 0.15234375 0.06015625 0.084375