1 0.15 0.26484375 0.03671875 0.0546875
1 0.1890625 0.328125 0.03984375 0.05
1 0.28671875 0.26015625 0.0265625 0.053125
1 0.33359375 0.56484375 0.0296875 0.0421875
1 0.41953125 0.321875 0.0390625 0.05703125
1 0.51484375 0.6296875 0.04140625 0.06171875
1 0.5375 0.67421875 0.03046875 0.028125
1 0.55 0.58828125 0.0421875 0.0671875
1 0.57265625 0.52421875 0.03359375 0.04375
1 0.5734375 0.64765625 0.0359375 0.07890625
1 0.6171875 0.67890625 0.05 0.065625
1 0.66015625 0.75703125 0.03203125 0.0484375
1 0.728125 0.76171875 0.0375 0.08046875