1 0.05234375 0.4 0.1046875 0.309375
1 0.1328125 0.16640625 0.0875 0.14921875
1 0.17109375 0.1421875 0.0546875 0.1390625
1 0.16875 0.2875 0.025 0.04375
1 0.18515625 0.3 0.01953125 0.034375
1 0.1890625 0.26640625 0.02734375 0.0421875
1 0.21796875 0.159375 0.08125 0.14765625
1 0.25625 0.32734375 0.0171875 0.02421875
1 0.26171875 0.2984375 0.01953125 0.034375
1 0.271875 0.27421875 0.02265625 0.03125
1 0.45625 0.3296875 0.01171875 0.03125
1 0.46953125 0.328125 0.01953125 0.02890625
1 0.47578125 0.3453125 0.0171875 0.03125