1 0.0375 0.409375 0.075 0.2390625
1 0.08671875 0.8375 0.1734375 0.3234375
1 0.09375 0.1890625 0.1875 0.32734375
1 0.1578125 0.6421875 0.31484375 0.3078125
1 0.2234375 0.3703125 0.37578125 0.36875
1 0.27109375 0.95234375 0.271875 0.09453125
1 0.2296875 0.821875 0.159375 0.13671875
1 0.31328125 0.909375 0.315625 0.1796875
1 0.33828125 0.1578125 0.30546875 0.26796875
1 0.3875 0.690625 0.27890625 0.2375
1 0.3796875 0.48515625 0.2515625 0.225
1 0.4546875 0.76328125 0.31796875 0.3203125
1 0.57265625 0.31328125 0.34921875 0.34296875
1 0.59609375 0.08125 0.265625 0.16171875
1 0.62890625 0.9265625 0.328125 0.1453125
1 0.59453125 0.9765625 0.2296875 0.04609375
1 0.68984375 0.5359375 0.28203125 0.2703125
1 0.83828125 0.840625 0.32265625 0.31796875
1 0.846875 0.52265625 0.30390625 0.3453125
1 0.828125 0.29453125 0.221875 0.22734375
1 0.86640625 0.06484375 0.26640625 0.1296875
1 0.94609375 0.43515625 0.10703125 0.215625
1 0.94921875 0.684375 0.1 0.3890625
1 0.98671875 0.15625 0.025 0.1453125