1 0.0046875 0.65234375 0.00859375 0.01875
1 0.02890625 0.68984375 0.0578125 0.0734375
1 0.0578125 0.50078125 0.115625 0.146875
1 0.1109375 0.6875 0.08359375 0.0578125
1 0.1875 0.7921875 0.10859375 0.09765625
1 0.27421875 0.6546875 0.12421875 0.09765625
1 0.33125 0.25390625 0.1 0.07890625
1 0.38203125 0.75078125 0.05546875 0.04140625
1 0.48671875 0.63125 0.1046875 0.0890625
1 0.5203125 0.4625 0.13203125 0.11953125
1 0.5515625 0.59609375 0.08359375 0.06015625
1 0.615625 0.6796875 0.10859375 0.0875
1 0.6265625 0.565625 0.053125 0.0296875
1 0.653125 0.6125 0.10234375 0.0921875
1 0.671875 0.68828125 0.05703125 0.0671875
1 0.6984375 0.79765625 0.10703125 0.08046875
1 0.7609375 0.4796875 0.0703125 0.06015625
1 0.7984375 0.6953125 0.059375 0.04921875
1 0.80625 0.60390625 0.05390625 0.0609375
1 0.85703125 0.5640625 0.115625 0.0703125
1 0.8515625 0.515625 0.09609375 0.059375
1 0.8640625 0.640625 0.12109375 0.09375
1 0.90859375 0.16328125 0.13046875 0.09609375
1 0.94140625 0.24453125 0.11484375 0.1484375
1 0.95234375 0.4359375 0.09296875 0.0796875
1 0.9734375 0.68828125 0.05078125 0.08046875
1 0.98046875 0.35625 0.0375 0.07890625