0 0.6265625 0.72578125 0.04765625 0.0421875
0 0.62890625 0.65546875 0.0421875 0.0421875
0 0.6765625 0.6578125 0.04921875 0.04375
0 0.721875 0.65390625 0.04921875 0.04921875
1 0.01484375 0.3328125 0.0296875 0.1125
1 0.05234375 0.24296875 0.1046875 0.1421875
1 0.08671875 0.38203125 0.134375 0.146875
1 0.24609375 0.33203125 0.115625 0.12734375
1 0.2359375 0.42265625 0.0671875 0.0640625
1 0.23671875 0.44921875 0.05546875 0.05234375
1 0.2796875 0.4 0.05234375 0.05234375
1 0.3328125 0.2828125 0.1421875 0.146875
1 0.328125 0.4390625 0.1078125 0.12890625
1 0.728125 0.24296875 0.1453125 0.16171875
1 0.74375 0.38046875 0.0328125 0.05859375
1 0.8078125 0.4 0.1421875 0.146875
1 0.78203125 0.4671875 0.0375 0.02578125
1 0.8546875 0.2671875 0.16640625 0.16796875
1 0.9609375 0.2609375 0.075 0.171875