1 0.11328125 0.85390625 0.1671875 0.11640625
1 0.1671875 0.3765625 0.275 0.18125
1 0.140625 0.58203125 0.21875 0.2359375
1 0.29453125 0.7796875 0.15546875 0.1859375
1 0.3140625 0.6296875 0.10859375 0.13671875
1 0.3390625 0.8578125 0.13515625 0.12109375
1 0.35859375 0.34375 0.17109375 0.1046875
1 0.39140625 0.5703125 0.1671875 0.1953125
1 0.39921875 0.778125 0.0734375 0.0578125
1 0.47421875 0.42578125 0.16171875 0.15234375
1 0.46015625 0.71328125 0.13203125 0.13671875
1 0.475 0.85 0.15 0.13671875
1 0.5390625 0.8125 0.08671875 0.0609375
1 0.65703125 0.846875 0.21015625 0.14375
1 0.640625 0.76171875 0.0890625 0.04453125
1 0.7609375 0.70625 0.19609375 0.20703125
1 0.909375 0.7953125 0.1078125 0.2421875