1 0.0171875 0.51484375 0.03359375 0.07109375
1 0.01953125 0.2828125 0.0390625 0.1875
1 0.0265625 0.634375 0.053125 0.17578125
1 0.03671875 0.50078125 0.0734375 0.090625
1 0.0390625 0.33984375 0.078125 0.2109375
1 0.05078125 0.85703125 0.1015625 0.28515625
1 0.07109375 0.709375 0.1125 0.25
1 0.05234375 0.55078125 0.06484375 0.096875
1 0.0875 0.40703125 0.1359375 0.24453125
1 0.090625 0.6046875 0.01796875 0.025
1 0.1828125 0.6515625 0.171875 0.271875
1 0.1546875 0.96796875 0.1125 0.0625
1 0.11171875 0.83515625 0.0171875 0.034375
1 0.17421875 0.53671875 0.1421875 0.09609375
1 0.1578125 0.79765625 0.1046875 0.08984375
1 0.1546875 0.49921875 0.08203125 0.06640625
1 0.17265625 0.84921875 0.1046875 0.128125
1 0.1875 0.42265625 0.04296875 0.10078125
1 0.215625 0.5015625 0.0703125 0.078125
1 0.2734375 0.39609375 0.1546875 0.2625
1 0.265625 0.8984375 0.10703125 0.09140625
1 0.2875 0.77890625 0.1359375 0.19140625
1 0.325 0.59765625 0.15390625 0.30234375
1 0.346875 0.86484375 0.071875 0.1328125
1 0.390625 0.40078125 0.08828125 0.17578125
1 0.390625 0.60390625 0.0859375 0.253125
1 0.3953125 0.72578125 0.0890625 0.14453125
1 0.41796875 0.753125 0.08828125 0.15859375
1 0.45625 0.38203125 0.11796875 0.20546875
1 0.47421875 0.803125 0.1390625 0.228125
1 0.43046875 0.9390625 0.0375 0.1203125
1 0.4921875 0.946875 0.14453125 0.1046875
1 0.45859375 0.5609375 0.06015625 0.18984375
1 0.49921875 0.19453125 0.11796875 0.215625
1 0.5296875 0.5875 0.1328125 0.2890625
1 0.553125 0.3640625 0.0828125 0.21875
1 0.57734375 0.9296875 0.11015625 0.1390625
1 0.553125 0.85234375 0.0515625 0.04921875
1 0.5890625 0.3640625 0.1234375 0.21484375
1 0.61171875 0.80078125 0.14375 0.21015625
1 0.6375 0.61953125 0.15390625 0.2625
1 0.67421875 0.46953125 0.14453125 0.2296875
1 0.6828125 0.96796875 0.1015625 0.0625
1 0.69296875 0.84609375 0.0453125 0.078125
1 0.75390625 0.696875 0.14296875 0.2640625
1 0.7640625 0.98515625 0.11875 0.028125
1 0.77109375 0.88671875 0.1203125 0.19921875
1 0.9453125 0.94296875 0.1078125 0.11171875