1 0.1734375 0.425 0.34609375 0.0515625
1 0.146875 0.35390625 0.08359375 0.140625
1 0.31875 0.38828125 0.0703125 0.09453125
1 0.434375 0.2734375 0.1515625 0.1703125
1 0.42734375 0.41796875 0.059375 0.084375
1 0.5453125 0.31328125 0.06875 0.11015625
1 0.8328125 0.37578125 0.084375 0.12109375
1 0.853125 0.29140625 0.1078125 0.21484375
1 0.81328125 0.1125 0.0140625 0.034375
1 0.82421875 0.12421875 0.0265625 0.03359375
1 0.8265625 0.08359375 0.0234375 0.03359375
1 0.83671875 0.09609375 0.0265625 0.04765625
1 0.85546875 0.12109375 0.03515625 0.05234375
1 0.8484375 0.06171875 0.01796875 0.02734375
1 0.8609375 0.0671875 0.03203125 0.05390625
1 0.87890625 0.08828125 0.03984375 0.06015625
1 0.871875 0.14375 0.0140625 0.02890625
1 0.88203125 0.1484375 0.02578125 0.034375
1 0.88359375 0.2546875 0.028125 0.02734375
1 0.8890625 0.2828125 0.034375 0.0484375
1 0.89453125 0.225 0.04296875 0.0515625
1 0.90390625 0.11953125 0.05390625 0.07890625
1 0.8859375 0.04765625 0.0125 0.0265625
1 0.90234375 0.18046875 0.0328125 0.04765625
1 0.9140625 0.040625 0.05625 0.08046875
1 0.91640625 0.25703125 0.040625 0.05703125
1 0.92109375 0.1984375 0.04921875 0.07109375
1 0.91953125 0.30078125 0.034375 0.034375
1 0.9515625 0.14609375 0.0484375 0.096875
1 0.94453125 0.26796875 0.03046875 0.02890625
1 0.953125 0.22265625 0.0453125 0.06484375
1 0.96875 0.03203125 0.059375 0.0640625
1 0.98046875 0.08515625 0.03828125 0.08984375
1 0.97890625 0.20390625 0.02578125 0.0546875
1 0.98359375 0.15390625 0.03203125 0.0734375
1 0.9921875 0.215625 0.01484375 0.05703125