1 0.0640625 0.06796875 0.128125 0.1359375
1 0.06640625 0.18984375 0.11484375 0.19453125
1 0.05859375 0.6921875 0.0171875 0.03203125
1 0.0640625 0.746875 0.00859375 0.03828125
1 0.071875 0.71484375 0.01796875 0.02890625
1 0.075 0.696875 0.015625 0.0078125
1 0.1140625 0.48125 0.0609375 0.11796875
1 0.1 0.7453125 0.01796875 0.0234375
1 0.11171875 0.64375 0.028125 0.05546875
1 0.121875 0.628125 0.0328125 0.075
1 0.1546875 0.7109375 0.0421875 0.0640625
1 0.14609375 0.684375 0.01796875 0.0140625
1 0.15859375 0.54609375 0.0390625 0.08125
1 0.1921875 0.6390625 0.03046875 0.06015625
1 0.2078125 0.8609375 0.02421875 0.0546875
1 0.209375 0.7234375 0.0203125 0.03125
1 0.21328125 0.634375 0.02109375 0.0546875
1 0.21328125 0.825 0.02109375 0.02421875
1 0.30390625 0.7296875 0.01328125 0.05078125
1 0.34453125 0.75390625 0.02578125 0.05546875
1 0.36796875 0.74609375 0.0109375 0.02109375
1 0.3765625 0.734375 0.0046875 0.009375
1 0.37890625 0.7421875 0.0078125 0.01328125
1 0.3890625 0.73515625 0.00390625 0.0109375
1 0.39921875 0.68515625 0.0140625 0.02421875
1 0.4015625 0.71328125 0.01953125 0.01953125
1 0.4359375 0.69921875 0.01953125 0.03671875
1 0.4515625 0.7140625 0.0078125 0.01328125
1 0.47578125 0.684375 0.0140625 0.02734375
1 0.48203125 0.63203125 0.0140625 0.02265625
1 0.48359375 0.65234375 0.0140625 0.021875
1 0.4921875 0.7140625 0.0109375 0.021875
1 0.50546875 0.7171875 0.0140625 0.01875
1 0.528125 0.7265625 0.015625 0.03671875
1 0.53125 0.6953125 0.01796875 0.02578125
1 0.53671875 0.709375 0.01328125 0.02421875
1 0.54609375 0.684375 0.0140625 0.021875
1 0.58828125 0.665625 0.0171875 0.03828125
1 0.596875 0.7171875 0.01015625 0.01484375
1 0.609375 0.54375 0.0140625 0.0328125
1 0.6125 0.446875 0.015625 0.01796875
1 0.61484375 0.70703125 0.01328125 0.0171875
1 0.6203125 0.47890625 0.0140625 0.02734375
1 0.63515625 0.703125 0.015625 0.03125
1 0.63984375 0.684375 0.009375 0.0171875
1 0.6453125 0.6671875 0.01484375 0.02890625
1 0.6453125 0.709375 0.00859375 0.0109375
1 0.6515625 0.72109375 0.0078125 0.009375
1 0.65625 0.6953125 0.01171875 0.0234375
1 0.6625 0.67578125 0.0109375 0.01484375
1 0.671875 0.68984375 0.0109375 0.02734375
1 0.67734375 0.70546875 0.0046875 0.0109375
1 0.6859375 0.69765625 0.00703125 0.0125
1 0.69609375 0.6921875 0.0109375 0.021875
1 0.8921875 0.690625 0.021875 0.0515625
1 0.91875 0.596875 0.01171875 0.02578125