1 0.025 0.11484375 0.05 0.04921875
1 0.028125 0.18125 0.05625 0.08125
1 0.06640625 0.18984375 0.07890625 0.04609375
1 0.09765625 0.234375 0.1421875 0.09375
1 0.1125 0.14375 0.16796875 0.1015625
1 0.20703125 0.27265625 0.13125 0.06171875
1 0.215625 0.20625 0.14921875 0.0890625
1 0.20859375 0.14453125 0.0546875 0.034375
1 0.29609375 0.1421875 0.103125 0.08359375
1 0.29765625 0.3140625 0.1 0.0328125
1 0.32734375 0.253125 0.128125 0.0875
1 0.3890625 0.19609375 0.13671875 0.08203125
1 0.4203125 0.125 0.14921875 0.0765625
1 0.41796875 0.30703125 0.10859375 0.0546875
1 0.459375 0.2640625 0.128125 0.06015625
1 0.47421875 0.1609375 0.06328125 0.0390625
1 0.53359375 0.19921875 0.1578125 0.0828125
1 0.5625 0.11328125 0.16015625 0.09765625
1 0.596875 0.23203125 0.07890625 0.0546875
1 0.63046875 0.06953125 0.071875 0.04140625
1 0.6703125 0.17265625 0.13359375 0.08046875
1 0.7140625 0.1 0.1609375 0.0953125