1 0.0421875 0.3171875 0.08359375 0.165625
1 0.0421875 0.4796875 0.08359375 0.140625
1 0.05625 0.14140625 0.1125 0.17265625
1 0.0765625 0.62421875 0.0875 0.125
1 0.1015625 0.03671875 0.09140625 0.06953125
1 0.125 0.3734375 0.1125 0.15625
1 0.11875 0.51640625 0.0734375 0.10546875
1 0.13125 0.75 0.0890625 0.13125
1 0.140625 0.23828125 0.08203125 0.14609375
1 0.1578125 0.640625 0.1015625 0.14296875
1 0.1921875 0.1 0.1140625 0.2
1 0.1890625 0.8640625 0.0640625 0.1109375
1 0.2171875 0.553125 0.1046875 0.15234375
1 0.196875 0.7453125 0.0609375 0.0828125
1 0.2359375 0.32734375 0.121875 0.18203125
1 0.25078125 0.84453125 0.08984375 0.11171875
1 0.26484375 0.74296875 0.0890625 0.12109375
1 0.265625 0.9453125 0.0765625 0.09765625
1 0.3046875 0.51015625 0.11640625 0.1546875
1 0.3203125 0.66875 0.0984375 0.14453125
1 0.3109375 0.92734375 0.0484375 0.06953125
1 0.34609375 0.134375 0.11953125 0.2015625
1 0.36015625 0.33828125 0.0984375 0.16171875
1 0.3578125 0.890625 0.0921875 0.11953125
1 0.371875 0.9703125 0.090625 0.05859375
1 0.3796875 0.7984375 0.0984375 0.11953125
1 0.4421875 0.50703125 0.1171875 0.1578125
1 0.4515625 0.675 0.084375 0.103125
1 0.4734375 0.23984375 0.12578125 0.20390625
1 0.46171875 0.8921875 0.0828125 0.08984375
1 0.471875 0.9671875 0.090625 0.0640625
1 0.51640625 0.07578125 0.134375 0.1515625
1 0.5515625 0.95234375 0.0796875 0.08046875
1 0.56875 0.3890625 0.11328125 0.1609375
1 0.575 0.859375 0.1046875 0.12265625
1 0.6140625 0.2234375 0.1046875 0.16328125
1 0.65390625 0.96015625 0.0546875 0.0609375
1 0.68515625 0.4609375 0.1 0.14609375
1 0.7046875 0.084375 0.1265625 0.16875
1 0.6765625 0.86484375 0.05546875 0.06796875
1 0.7359375 0.29140625 0.11484375 0.18203125
1 0.76484375 0.5625 0.09375 0.13671875
1 0.75625 0.77734375 0.06171875 0.08046875
1 0.82421875 0.05 0.12421875 0.09921875
1 0.8265625 0.3984375 0.10390625 0.17578125
1 0.85546875 0.221875 0.115625 0.178125
1 0.884375 0.5578125 0.084375 0.12421875
1 0.9171875 0.08984375 0.0953125 0.14296875
1 0.94140625 0.41328125 0.078125 0.12734375
1 0.9609375 0.21015625 0.07734375 0.175
1 0.96484375 0.5125 0.0625 0.10625
1 0.9859375 0.3546875 0.02734375 0.10625