0 0.12421875 0.1703125 0.12734375 0.15625
0 0.65390625 0.65859375 0.05078125 0.13671875
0 0.7890625 0.65390625 0.23046875 0.3046875
0 0.84609375 0.22109375 0.1328125 0.16484375
0 0.91640625 0.86875 0.090625 0.1171875
0 0.94609375 0.803125 0.0890625 0.11015625
1 0.1234375 0.1671875 0.12578125 0.16171875
1 0.65859375 0.6703125 0.06328125 0.14921875
1 0.79453125 0.659375 0.24375 0.31171875
1 0.8515625 0.22109375 0.1359375 0.17578125
1 0.91640625 0.86796875 0.0984375 0.12578125
1 0.94453125 0.796875 0.09453125 0.12578125