1 0.265625 0.496875 0.06171875 0.08828125
1 0.2546875 0.63671875 0.028125 0.128125
1 0.275 0.4359375 0.05390625 0.10625
1 0.3203125 0.5203125 0.05625 0.11796875
1 0.35625 0.55390625 0.02578125 0.09609375
1 0.4671875 0.32109375 0.071875 0.2390625
1 0.453125 0.48203125 0.02421875 0.04921875
1 0.4609375 0.54140625 0.0140625 0.040625
1 0.534375 0.3171875 0.13828125 0.2703125
1 0.52109375 0.50546875 0.01953125 0.0421875
1 0.54453125 0.5546875 0.00625 0.0203125
1 0.5671875 0.55234375 0.03671875 0.03671875
1 0.571875 0.54453125 0.02421875 0.04609375
1 0.60078125 0.3765625 0.0421875 0.06953125
1 0.596875 0.365625 0.028125 0.075
1 0.5984375 0.60234375 0.01640625 0.04609375
1 0.63203125 0.45234375 0.02578125 0.05703125
1 0.7125 0.5265625 0.015625 0.01875
1 0.71953125 0.54140625 0.01171875 0.01796875