1 0.09609375 0.478125 0.05 0.07109375
1 0.209375 0.484375 0.05625 0.075
1 0.2828125 0.49453125 0.0484375 0.08515625
1 0.309375 0.45625 0.04140625 0.034375
1 0.325 0.3890625 0.0390625 0.08828125
1 0.371875 0.50078125 0.0546875 0.096875
1 0.37578125 0.3515625 0.0421875 0.0859375
1 0.384375 0.41171875 0.0265625 0.0734375
1 0.5609375 0.46328125 0.04609375 0.07109375
1 0.58125 0.36328125 0.02578125 0.0671875
1 0.66484375 0.440625 0.04765625 0.0765625
1 0.6875 0.5296875 0.05625 0.1078125
1 0.81640625 0.5734375 0.03515625 0.08515625
1 0.8921875 0.5515625 0.0734375 0.07109375