1 0.015625 0.878125 0.03046875 0.09375
1 0.02578125 0.68359375 0.0515625 0.15234375
1 0.02578125 0.96015625 0.0515625 0.078125
1 0.02890625 0.3703125 0.0578125 0.15546875
1 0.0328125 0.45234375 0.065625 0.0734375
1 0.0359375 0.575 0.071875 0.084375
1 0.0375 0.80703125 0.07421875 0.13203125
1 0.040625 0.16953125 0.08046875 0.33828125
1 0.0484375 0.909375 0.05703125 0.11328125
1 0.0515625 0.65546875 0.06015625 0.12890625
1 0.05703125 0.40625 0.03984375 0.08046875
1 0.09140625 0.8765625 0.034375 0.09375
1 0.096875 0.40546875 0.0421875 0.1078125
1 0.090625 0.965625 0.0265625 0.06640625
1 0.10703125 0.85625 0.05234375 0.10390625
1 0.1453125 0.75078125 0.1296875 0.13125
1 0.0984375 0.64375 0.0328125 0.10234375
1 0.10234375 0.946875 0.0328125 0.06015625
1 0.1984375 0.18203125 0.21015625 0.3640625
1 0.1171875 0.6296875 0.03984375 0.0765625
1 0.1171875 0.4109375 0.04140625 0.1015625
1 0.12421875 0.9375 0.03046875 0.05625
1 0.1375 0.83515625 0.05 0.08046875
1 0.1390625 0.609375 0.04140625 0.05546875
1 0.165625 0.6796875 0.0890625 0.12265625
1 0.16171875 0.95703125 0.07265625 0.08359375
1 0.23671875 0.1765625 0.2203125 0.32109375
1 0.14375 0.44140625 0.028125 0.040625
1 0.1671875 0.36640625 0.0734375 0.14609375
1 0.1578125 0.8140625 0.04609375 0.08515625
1 0.1640625 0.60390625 0.0296875 0.03671875
1 0.18125 0.7953125 0.03671875 0.0671875
1 0.19921875 0.946875 0.0734375 0.10390625
1 0.18125 0.59765625 0.034375 0.04375
1 0.1890625 0.78515625 0.04140625 0.0578125
1 0.20546875 0.384375 0.0578125 0.140625
1 0.203125 0.66328125 0.046875 0.1015625
1 0.196875 0.5921875 0.0234375 0.03671875
1 0.21875 0.909375 0.05859375 0.08984375
1 0.21015625 0.7734375 0.0265625 0.05703125
1 0.225 0.65234375 0.05703125 0.115625
1 0.23515625 0.89140625 0.071875 0.10625
1 0.2125 0.590625 0.0234375 0.0328125
1 0.22421875 0.76875 0.03046875 0.059375
1 0.24921875 0.584375 0.0734375 0.05234375
1 0.23515625 0.3984375 0.03984375 0.09765625
1 0.246875 0.40703125 0.04609375 0.1171875
1 0.23828125 0.76484375 0.02265625 0.059375
1 0.25 0.64140625 0.034375 0.09296875
1 0.259375 0.63671875 0.05 0.10625
1 0.24609375 0.75234375 0.0203125 0.046875
1 0.25625 0.8515625 0.040625 0.08359375
1 0.3078125 0.134375 0.14375 0.26875
1 0.26875 0.84296875 0.05625 0.0859375
1 0.2546875 0.7515625 0.02578125 0.0484375
1 0.259375 0.74453125 0.01796875 0.053125
1 0.3078125 0.91015625 0.10234375 0.178125
1 0.3171875 0.45625 0.1203125 0.0953125
1 0.271875 0.41171875 0.0234375 0.075
1 0.271875 0.73671875 0.0203125 0.053125
1 0.27890625 0.41484375 0.0359375 0.096875
1 0.2921875 0.80546875 0.0515625 0.06953125
1 0.2796875 0.615625 0.021875 0.0671875
1 0.28984375 0.81640625 0.0421875 0.05546875
1 0.28984375 0.60546875 0.0375 0.059375
1 0.3234375 0.76953125 0.07578125 0.096875
1 0.30390625 0.60078125 0.0171875 0.0421875
1 0.31171875 0.60078125 0.021875 0.053125
1 0.32109375 0.59609375 0.01953125 0.04765625
1 0.32578125 0.58984375 0.01953125 0.04609375
1 0.3890625 0.39765625 0.13984375 0.2203125
1 0.36875 0.97109375 0.0921875 0.05625
1 0.34921875 0.590625 0.04609375 0.04765625
1 0.36796875 0.6828125 0.08359375 0.09921875
1 0.39140625 0.18828125 0.1234375 0.3765625
1 0.37890625 0.93359375 0.071875 0.0828125
1 0.4 0.63828125 0.10390625 0.15234375
1 0.3890625 0.91171875 0.0796875 0.096875
1 0.4 0.8546875 0.0703125 0.0828125
1 0.403125 0.87265625 0.0515625 0.0640625
1 0.4296875 0.1375 0.0546875 0.275
1 0.4203125 0.815625 0.0296875 0.05
1 0.42109375 0.82578125 0.03125 0.0515625
1 0.42578125 0.78125 0.03671875 0.05
1 0.42578125 0.79375 0.021875 0.05
1 0.43515625 0.89375 0.040625 0.2109375
1 0.4328125 0.7703125 0.0328125 0.05234375
1 0.43203125 0.76953125 0.0265625 0.0296875
1 0.43671875 0.75546875 0.0203125 0.03125
1 0.4421875 0.73359375 0.0265625 0.05625
1 0.51640625 0.8859375 0.04375 0.22578125
1 0.5625 0.65625 0.1359375 0.2
1 0.50859375 0.07109375 0.0265625 0.1421875
1 0.5609375 0.178125 0.128125 0.35625
1 0.51953125 0.1203125 0.0421875 0.240625
1 0.559375 0.8484375 0.121875 0.30078125
1 0.5625 0.3796875 0.12578125 0.18515625
1 0.6453125 0.11875 0.1546875 0.2375
1 0.603125 0.81640625 0.04140625 0.09296875
1 0.7078125 0.39296875 0.24765625 0.2140625
1 0.64765625 0.9234375 0.10859375 0.15234375
1 0.71953125 0.86015625 0.23046875 0.27734375
1 0.80703125 0.19609375 0.33046875 0.31875
1 0.821875 0.4125 0.3546875 0.19765625
1 0.82265625 0.8390625 0.35390625 0.31953125
1 0.82421875 0.64140625 0.35 0.20234375
1 0.88359375 0.59296875 0.23203125 0.0953125
1 0.8765625 0.459375 0.21640625 0.08515625
1 0.9015625 0.80703125 0.1953125 0.19453125
1 0.90078125 0.24140625 0.17578125 0.159375
1 0.915625 0.7625 0.16796875 0.12265625
1 0.90546875 0.3015625 0.14609375 0.1078125
1 0.934375 0.3171875 0.0984375 0.06953125