1 0.0890625 0.0109375 0.178125 0.021875
1 0.0953125 0.071875 0.190625 0.140625
1 0.0671875 0.16328125 0.1125 0.08671875
1 0.2 0.1453125 0.26875 0.15
1 0.196875 0.30546875 0.21953125 0.12109375
1 0.1453125 0.24453125 0.10390625 0.06171875
1 0.22265625 0.22734375 0.18046875 0.04765625
1 0.28359375 0.05078125 0.253125 0.1015625
1 0.41953125 0.19765625 0.2375 0.13203125
1 0.3625 0.1171875 0.1125 0.06640625
1 0.50703125 0.04453125 0.2953125 0.0890625
1 0.4515625 0.26015625 0.18046875 0.075
1 0.5015625 0.10546875 0.25625 0.0765625
1 0.59921875 0.184375 0.21328125 0.1234375
1 0.6171875 0.240625 0.1703125 0.05625
1 0.64921875 0.10390625 0.09453125 0.05234375
1 0.73984375 0.04921875 0.24453125 0.096875
1 0.75625 0.15 0.20390625 0.1109375
1 0.8109375 0.05859375 0.23984375 0.1171875