0 0.3453125 0.52421875 0.0125 0.02109375
0 0.375 0.41796875 0.00625 0.01328125
0 0.38984375 0.41015625 0.0078125 0.0203125
0 0.3953125 0.5359375 0.0171875 0.02421875
0 0.434375 0.95078125 0.0265625 0.04140625
0 0.43125 0.421875 0.0109375 0.02109375
0 0.44609375 0.546875 0.0125 0.0203125
0 0.4703125 0.365625 0.0078125 0.01328125
0 0.5 0.78515625 0.02890625 0.05
0 0.4984375 0.5453125 0.01640625 0.01796875
0 0.5046875 0.365625 0.00859375 0.01796875
0 0.528125 0.54453125 0.0125 0.02421875
0 0.5421875 0.79140625 0.03046875 0.0546875
0 0.54140625 0.3703125 0.01171875 0.00859375
0 0.5703125 0.36796875 0.00625 0.01328125
0 0.6046875 0.4140625 0.0109375 0.015625
0 0.6046875 0.365625 0.00859375 0.01796875
0 0.71640625 0.5359375 0.015625 0.03203125
0 0.7359375 0.5125 0.01015625 0.02109375
0 0.8609375 0.50234375 0.0109375 0.021875
0 0.98515625 0.94765625 0.028125 0.07109375